11 15
11 16
11 86
11 139
11 140
11 651
11 654
11 658
11 714
11 727
11 734
11 738
11 762
11 766
11 779
11 781
11 802
11 806
11 822
11 828
11 829
11 830
11 831
11 838
11 900
11 916
11 922
11 934
11 941
11 954
11 966
11 979
11 983
11 1005
11 1008
11 1010
11 1054
11 1056
11 1062
11 1096
11 1099
11 1104
11 1106
11 1107
11 1109
11 1110
11 1136
11 1137
11 1144
11 1146
11 1149
11 1153
11 1160
11 1174
11 1243
11 1274
11 1276
11 1280
11 1281
11 1312
11 1313
11 1338
11 1350
11 1361
11 1430
11 1434
11 1462
12 99
13 19
13 1101
14 1100
14 1147
14 1378
14 1431
17 45
17 50
17 141
17 469
17 475
17 481
17 708
17 729
17 730
17 772
17 805
17 807
17 808
17 810
17 827
17 937
17 950
17 965
17 999
17 1001
17 1055
17 1059
17 1081
17 1089
17 1140
17 1141
17 1505
17 1508
17 1522
17 1531
17 1577
17 1578
17 1581
17 1585
17 1587
17 1589
17 1593
17 1601
17 1602
17 1603
17 1604
17 1606
17 1619
17 1640
17 1646
17 1650
17 1654
17 1702
17 1706
17 1710
18 21
18 238
20 290
20 1211
22 65
22 73
22 347
22 528
22 710
22 716
22 926
22 992
22 1124
22 1128
22 1306
22 1318
22 1674
22 1715
23 44
23 182
23 704
23 705
23 706
23 709
23 722
23 728
23 769
23 774
23 844
23 873
23 892
23 902
23 904
23 921
23 1011
23 1115
23 1122
23 1125
23 1132
23 1133
23 1142
23 1158
23 1188
23 1379
23 1405
23 1412
23 1504
23 1510
23 1526
23 1561
23 1562
23 1605
23 1616
23 1617
23 1618
23 1621
23 1622
23 1645
23 1651
23 1719
23 1720
23 1721
27 28
29 34
29 35
29 38
40 41
40 51
42 56
42 59
42 60
42 63
42 66
42 72
42 109
42 112
42 153
42 172
42 203
42 214
42 297
42 410
42 505
42 512
42 515
42 516
42 523
42 531
42 539
42 543
42 629
42 642
42 688
42 724
42 732
42 736
42 744
42 751
42 756
42 788
42 813
42 820
42 929
42 945
42 947
42 957
42 960
42 985
42 1012
42 1035
42 1097
42 1207
42 1222
42 1279
42 1386
42 1396
42 1400
42 1406
42 1516
42 1525
42 1529
42 1632
42 1634
42 1684
42 1691
43 46
43 47
43 49
43 54
43 57
43 58
43 62
43 106
43 184
43 205
43 225
43 318
43 407
43 408
43 409
43 513
43 514
43 521
43 533
43 544
43 556
43 575
43 586
43 607
43 616
43 638
43 643
43 669
43 675
43 687
43 741
43 749
43 784
43 819
43 852
43 855
43 857
43 869
43 888
43 899
43 925
43 928
43 956
43 961
43 969
43 1003
43 1029
43 1048
43 1064
43 1069
43 1080
43 1171
43 1214
43 1216
43 1217
43 1223
43 1227
43 1349
43 1390
43 1481
43 1482
43 1485
43 1513
43 1523
43 1532
43 1689
43 1695
48 796
48 905
48 986
48 1360
53 64
53 80
53 81
53 85
53 89
53 92
53 97
53 98
53 100
53 119
53 123
53 124
53 128
53 327
53 328
53 332
53 336
53 348
53 349
53 350
53 359
53 361
53 364
53 365
53 368
53 372
53 375
53 377
53 378
53 380
53 383
53 384
53 386
53 389
53 411
53 425
53 431
53 452
53 453
53 506
53 563
53 567
53 569
53 646
53 647
53 711
53 712
53 713
53 715
53 719
53 837
53 843
53 865
53 909
53 910
53 924
53 1018
53 1047
53 1051
53 1063
53 1074
53 1119
53 1156
53 1157
53 1180
53 1245
53 1300
53 1301
53 1303
53 1368
53 1408
53 1416
53 1419
53 1435
53 1436
53 1455
53 1456
53 1461
53 1469
53 1471
53 1490
53 1492
53 1493
53 1494
53 1495
53 1496
53 1503
53 1511
53 1658
53 1659
53 1661
53 1669
53 1672
53 1675
53 1677
53 1679
53 1681
67 69
68 125
68 155
68 156
68 342
68 381
68 449
68 606
68 681
68 685
68 699
68 700
68 932
68 968
68 1031
68 1033
68 1070
68 1072
68 1073
68 1195
68 1213
68 1305
68 1317
68 1331
68 1450
68 1564
70 115
70 152
70 161
70 178
70 237
70 337
71 77
71 87
71 88
71 103
71 121
71 282
71 346
71 353
71 363
71 382
71 388
71 421
71 423
71 571
71 593
71 605
71 619
71 631
71 653
71 664
71 676
71 677
71 683
71 1130
71 1316
71 1341
75 102
75 192
76 145
76 165
76 195
76 221
76 670
76 703
78 1399
79 107
79 122
79 126
79 146
79 167
79 186
79 207
79 326
79 597
79 628
79 818
79 868
79 938
79 952
79 1002
79 1027
79 1045
79 1053
79 1058
79 1065
79 1083
79 1085
79 1090
79 1241
79 1272
79 1311
79 1326
79 1333
79 1358
79 1487
79 1488
79 1548
79 1551
83 117
83 1401
84 91
84 427
84 467
84 471
84 474
84 478
84 671
84 691
84 697
84 1014
84 1314
84 1452
90 344
90 356
90 391
90 472
90 493
93 274
93 433
93 1336
95 101
95 143
95 177
95 209
95 393
95 524
95 526
95 735
95 737
95 748
95 854
95 859
95 1091
95 1197
95 1209
95 1210
95 1287
95 1324
95 1329
95 1330
95 1348
95 1385
95 1411
95 1414
95 1480
95 1484
95 1486
95 1524
95 1527
95 1547
95 1550
95 1559
95 1560
95 1686
95 1690
95 1698
95 1701
95 1704
104 1465
113 322
116 118
127 293
127 622
127 650
127 692
127 1126
129 135
129 253
130 138
130 301
131 134
131 483
131 488
131 845
131 847
131 1183
131 1249
131 1321
131 1497
131 1543
131 1657
131 1660
131 1662
132 137
132 611
132 627
132 686
133 136
133 247
133 251
133 473
142 157
142 228
144 183
144 190
144 325
144 552
144 559
144 596
148 164
148 557
148 583
148 592
148 636
148 640
148 662
148 665
148 678
148 684
148 689
148 1086
148 1444
149 159
149 220
149 836
150 800
150 1320
150 1470
150 1620
151 169
151 187
158 757
158 1501
160 269
160 574
160 603
160 615
160 649
160 656
160 666
160 680
162 1567
163 594
166 185
166 219
166 321
166 358
166 570
166 1295
168 317
168 509
168 554
168 558
168 561
168 564
168 582
168 625
168 639
168 645
168 668
168 739
168 752
168 862
168 894
168 1026
168 1030
168 1343
171 188
173 206
173 217
173 608
173 621
173 1151
173 1426
174 198
174 230
174 283
174 314
176 194
179 189
179 227
179 1244
180 197
181 199
181 229
191 285
191 542
191 580
191 590
191 637
191 652
191 659
191 667
191 674
191 1656
193 367
193 477
193 480
193 490
193 491
193 502
193 507
193 527
193 537
193 572
193 579
193 595
193 641
193 657
193 835
200 226
202 231
202 412
202 707
202 717
202 770
202 787
202 798
202 799
202 817
202 833
202 840
202 842
202 848
202 850
202 851
202 872
202 874
202 875
202 886
202 895
202 978
202 982
202 1021
202 1102
202 1105
202 1108
202 1111
202 1113
202 1116
202 1120
202 1121
202 1129
202 1143
202 1145
202 1148
202 1152
202 1169
202 1200
202 1264
202 1325
202 1337
202 1479
202 1483
202 1491
202 1517
202 1521
202 1528
202 1552
202 1563
202 1639
202 1644
202 1649
202 1688
204 532
204 548
204 555
204 560
204 578
204 591
204 612
204 617
204 630
204 682
204 693
208 308
208 354
210 390
211 240
211 489
211 522
211 529
211 568
211 584
211 613
211 620
211 623
212 218
212 263
212 295
212 520
212 604
212 783
212 949
212 1082
212 1420
215 723
215 1515
215 1553
222 1474
232 239
233 243
233 341
233 351
233 385
234 271
234 286
234 546
235 241
242 1172
245 260
245 275
245 294
245 362
249 250
249 252
249 254
249 468
249 476
249 585
249 588
249 610
249 618
256 259
256 261
256 272
256 284
258 262
258 400
258 401
258 405
258 413
258 450
258 720
258 725
258 1094
258 1383
264 278
267 1212
267 1439
270 299
292 373
298 510
298 701
303 824
303 1177
307 355
307 565
310 374
313 398
313 726
313 943
313 946
313 974
313 1042
313 1071
313 1098
313 1114
313 1164
313 1236
313 1388
313 1413
313 1417
313 1518
313 1520
313 1530
313 1535
313 1633
313 1635
313 1636
313 1637
313 1642
313 1643
313 1648
313 1685
313 1693
315 319
316 1315
320 536
320 587
320 614
320 626
320 633
320 663
320 690
320 696
320 743
320 754
320 785
320 853
320 856
320 858
320 867
320 880
320 885
320 896
320 1015
320 1049
320 1061
320 1199
320 1215
320 1218
320 1229
320 1271
320 1299
320 1356
324 503
334 499
338 403
338 444
338 458
338 841
338 1076
338 1103
339 1266
340 484
340 487
340 492
340 494
370 1464
379 1067
394 399
394 402
394 404
394 406
394 1384
395 1398
396 470
397 879
397 1549
416 721
416 740
416 750
416 790
416 815
416 846
416 882
416 940
416 994
416 1052
416 1057
416 1084
416 1159
416 1162
416 1184
416 1319
416 1372
416 1380
416 1393
416 1422
416 1423
416 1424
416 1427
416 1428
416 1432
416 1475
416 1498
416 1499
416 1500
416 1536
416 1539
416 1540
416 1541
416 1542
416 1544
416 1555
416 1557
416 1663
416 1664
416 1665
416 1666
416 1667
416 1696
416 1699
416 1700
416 1705
417 1466
420 426
420 428
420 430
420 1037
435 1565
439 442
439 446
440 441
451 454
451 456
451 462
451 464
496 500
496 861
501 821
508 518
508 632
519 525
519 530
519 576
519 589
519 609
519 624
519 634
519 655
534 672
535 538
535 549
535 566
535 581
535 598
535 601
535 660
541 702
695 1344
718 1134
718 1135
731 795
731 1006
731 1016
731 1019
731 1025
731 1248
733 742
733 746
733 760
733 768
733 903
733 1123
733 1389
733 1694
733 1703
733 1707
745 1288
747 778
747 780
747 786
747 832
747 906
747 918
747 1118
753 812
753 877
753 881
753 891
753 898
753 1040
753 1309
755 876
755 893
755 1323
755 1534
758 761
758 764
758 773
758 775
758 907
758 908
758 911
758 917
758 1075
758 1269
765 803
765 816
765 996
765 1257
765 1259
765 1322
765 1392
765 1394
765 1421
765 1425
765 1433
765 1476
765 1477
765 1478
765 1545
765 1554
765 1626
765 1627
765 1653
765 1708
771 1077
771 1185
771 1187
771 1191
771 1285
771 1364
771 1369
771 1623
782 919
782 1190
782 1387
782 1692
791 889
791 1327
791 1351
793 794
793 1668
801 1127
804 823
814 1255
814 1711
839 1095
870 1093
870 1514
887 897
901 914
927 930
927 931
927 935
927 936
927 939
927 942
944 948
944 951
944 953
944 955
944 1219
958 962
958 1224
959 963
959 970
959 976
959 1228
959 1238
964 967
964 971
964 977
964 984
964 1220
964 1230
964 1233
964 1242
972 980
972 981
972 1221
972 1231
972 1234
973 1235
973 1262
973 1614
975 1165
975 1237
975 1371
975 1631
975 1638
975 1647
975 1652
987 1247
988 1066
989 1251
989 1253
989 1261
990 993
990 995
990 997
990 1250
990 1252
990 1256
990 1258
990 1260
990 1263
998 1000
998 1265
998 1267
998 1270
1004 1007
1004 1009
1004 1273
1004 1275
1013 1284
1017 1020
1017 1022
1017 1286
1023 1024
1023 1289
1023 1291
1028 1046
1028 1050
1028 1297
1036 1039
1036 1043
1041 1307
1068 1573
1117 1533
1150 1154
1166 1170
1166 1346
1167 1175
1168 1176
1186 1189
1186 1193
1194 1203
1194 1366
1198 1226
1268 1332
1282 1292
1282 1345
1282 1353
1282 1362
1339 1347
1342 1355
1342 1359
1365 1367
1375 1376
1381 1558
1381 1600
1381 1608
1381 1609
1381 1610
1381 1611
1381 1613
1381 1624
1381 1625
1382 1575
1382 1576
1382 1579
1382 1595
1382 1596
1382 1597
1382 1598
1397 1402
1397 1519
1397 1687
1397 1697
1403 1409
1448 1449
1472 1678
1546 1556
1546 1709
1569 1570
1569 1572
1569 1574
1582 1584
1586 1588
1586 1591
1586 1594
1590 1592
1607 1612
1628 1629
1671 1676
1680 1682
1680 1683
0 13
0 18
0 112
0 123
0 125
0 132
0 138
0 149
0 156
0 158
0 166
1 3
2 29
2 33
2 34
2 46
2 53
2 56
2 62
2 71
2 79
2 86
2 88
2 89
2 97
2 101
2 102
2 109
2 111
2 113
2 116
2 120
2 121
2 124
2 128
2 143
2 162
2 177
2 180
2 181
5 11
5 27
5 32
5 50
5 68
5 77
5 81
5 110
5 119
5 182
6 10
6 57
6 65
6 139
6 141
7 9
7 145
12 37
12 83
12 95
12 127
12 144
12 151
12 170
14 105
14 148
14 165
20 31
21 76
21 106
23 43
23 82
23 155
23 164
24 72
24 103
25 59
26 178
28 58
35 54
35 167
39 161
48 60
48 69
48 107
51 90
52 74
52 93
52 104
84 160
85 96
85 98
85 150
85 157
85 173
100 126
129 179
134 137
0 2
0 4
0 6
0 8
0 13
0 22
0 36
0 49
0 61
1 7
5 15
5 18
5 21
5 23
5 69
9 26
9 71
9 76
14 20
17 48
17 65
33 41
0 1
0 3
0 4
0 8
0 10
0 20
0 22
0 24
0 34
0 38
0 54
0 49
